crazy.mp3
demo_bg.png

SPEED 600
L 1.925
L 2.094
U 2.259
U 2.413
U 2.543
R 2.709
R 2.895
R 3.090
R 3.260
U 3.809
D 4.629
U 5.176
U 6.020
L 6.787
R 6.948
R 7.083
L 7.225
R 7.345
U 7.471
D 8.029
U 8.798
L 10.706
L 10.876
D 11.059
L 11.229
D 11.377
L 11.557
U 12.325
D 13.104
U 13.642
U 14.471
L 15.188
R 15.340
R 15.506
L 15.666
R 15.827
U 16.510
D 17.253
U 17.844
L 18.438
L 18.875
U 18.999
R 19.375
U 19.527
R 20.007
L 20.275
D 20.616
U 20.954
U 21.279
D 21.556
R 21.800
U 22.206
L 22.389
U 24.473
D 24.742
U 24.973
L 25.225
R 25.492
L 26.024
R 26.309
R 26.777
D 27.087
L 28.831
L 29.021
R 29.256
L 29.458
R 29.663
L 29.882
R 30.140
U 30.802
U 31.039
L 31.272
L 31.506
L 33.030
R 33.244
L 33.427
R 33.653
L 33.878
U 34.104
U 34.739
U 34.964
U 35.227
D 35.488
35.740
36.888
37.122
37.356
38.222
38.439
38.624
38.870
39.134
39.427
39.679
39.956
40.208
40.510
42.103
42.356
42.622
42.874
43.395
43.669
43.948
44.871
45.056
45.227
45.348
45.663
45.978
46.803
46.989
47.151
47.372
47.736
48.139
48.490
48.669
48.987
49.157
49.342
49.541
50.007
50.244
50.590
50.769
51.289
51.504
52.103
53.223
53.373
53.570
53.755
54.120
54.455
55.337
55.539
55.739
55.938
56.380
56.657
56.959
57.119
57.435
57.637
57.810
57.992
58.472
58.743
59.138
59.320
59.873
60.086
60.588
61.105
61.267
61.637
61.804
62.291
62.785
63.072
63.340
63.589
64.585
64.818
65.075
66.714
66.955
67.203
67.553
67.805
68.038
68.736
69.005
69.269
69.804
70.338
70.941
71.171
71.420
71.698
71.935
72.225
72.460
73.052
73.291
73.584
75.202
75.419
75.668
75.918
76.184
76.435
77.219
77.486
77.774
78.302
79.082
80.430
80.703
80.954
81.488
81.737
81.986
82.258
82.520
82.815
84.370
84.600
84.883
85.215
85.654
85.922
86.155
87.017
87.166
87.336
87.507
87.881
88.251
89.085
89.251
89.433
89.583
89.992
90.415
90.763
90.910
91.200
91.350
91.537
91.735
92.216
92.525
92.854
93.034
93.622
93.866
94.335
95.483
95.651
95.848
96.038
96.414
96.767
97.549
97.705
97.882
98.106
98.621
98.921
99.263
99.425
99.732
99.885
100.073
100.267
100.734
100.967
101.348
101.530
102.034
102.284
102.834
103.334
103.450
103.827
103.967
104.262
104.447
104.846
105.206
106.050
106.198
106.366
106.582
106.949
107.300
107.649
107.801
108.111
108.279
108.466
108.633
109.114
109.383
109.751
109.935
110.484
110.735
111.252
112.400
112.592
112.761
112.934
113.352
113.629
114.481
114.651
114.818
115.015
115.446
115.730
116.098
116.249
116.585
116.749
116.965
117.151
117.661
117.935
118.288
118.433
118.937
119.182
119.665
120.248
120.381
120.730
120.880
121.318
121.666
121.919
122.180
122.448
122.647
122.935
123.144
123.463
123.880
124.231
125.597
125.895
126.127
126.382
126.631
126.914
127.152
127.450
127.720
128.150
128.511
129.317
129.838
130.132
130.381
130.616
130.880
131.129
131.396
131.635
131.915
132.296
132.662
134.067
134.299
134.531
134.705
134.846
135.082
135.215
135.384
135.532
136.114
136.546
136.980
137.744
138.280
138.628
138.905
139.179
139.468
140.625
140.894
141.164
142.780
143.013
143.247
143.545
143.788
144.026
144.860
145.080
145.367
145.879
146.147
146.414
147.028
147.310
147.593
147.777
148.010
148.245
148.514
149.109
149.346
149.613
151.194
151.445
151.727
151.992
152.239
152.480
153.341
153.582
153.909
154.362
155.180
155.498
155.729
156.011
156.277
156.512
156.727
156.950
157.208
157.479
157.756
157.991
158.278
158.537
158.810
160.410
160.661
160.891
161.231
161.728
161.993
162.241
163.029
163.184
163.325
163.521
163.681
163.959
164.312
165.103
165.266
165.447
165.679
165.996
166.362
166.781
166.944
167.356
167.511
167.709
167.861
168.328
168.662
168.963
169.124
169.657
169.927
170.460
171.590
171.730
171.911
172.107
172.491
172.843
173.656
173.772
173.942
174.143
174.698
174.951
175.242
175.395
175.839
175.971
176.176
176.314
176.761
177.078
177.457
177.613
178.126
178.359
178.860
179.363
179.508
179.879
180.025
180.377
180.545
180.845
181.258
182.076
182.277
182.479
182.643
183.010
183.374
183.739
183.889
184.177
184.340
184.523
184.691
185.244
185.542
185.879
186.545
186.808
187.329
188.426
188.608
188.802
188.975
189.358
189.707
190.493
190.657
190.825
191.024
191.561
191.847
192.142
192.291
192.684
192.872
193.061
193.224
193.726
193.959
194.295
194.470
194.989
195.238
195.776
196.340
196.505
196.872
197.006
197.321
197.492
197.841
198.237
199.008
199.157
199.344
199.524
199.891
200.288
200.671
200.837
201.154
201.306
201.522
201.704
202.172
202.387
202.748
203.569
203.739
204.274
205.323
205.486
205.679
205.876
206.307
206.540
206.688
207.407
207.571
207.800
207.989
208.490
208.757
209.134
209.289
209.576
209.757
209.922
210.089
210.635
210.872
211.226
211.358
211.886
212.103
212.689
213.457